DA2-1d
      0  90.0   0.0   0.0   0.0   1.0
NRM    064.5 -51.8 064.5 -51.8 2.03e-05 000.1 064.5 -51.8 1.000000 1.000000 1.000000 IRM_2G 2022-06-10 12:00:00
NRM    064.4 -51.8 064.4 -51.8 2.03e-05 000.1 064.4 -51.8 1.000000 1.000000 1.000000 IRM_2G 2022-06-10 12:00:00
NRM    064.4 -51.8 064.4 -51.8 2.03e-05 000.1 064.4 -51.8 1.000000 1.000000 1.000000 IRM_2G 2022-06-10 12:00:00
NRM    064.4 -51.8 064.4 -51.8 2.03e-05 000.1 064.4 -51.8 1.000000 1.000000 1.000000 IRM_2G 2022-06-10 12:00:00
AF  25 064.5 -51.8 064.5 -51.8 2.02e-05 000.1 064.5 -51.8 1.000000 1.000000 1.000000 IRM_2G 2022-06-10 12:00:00
AF  30 064.6 -51.7 064.6 -51.7 2.02e-05 000.1 064.6 -51.7 1.000000 1.000000 1.000000 IRM_2G 2022-06-10 12:00:00
AF  40 064.6 -51.6 064.6 -51.6 1.99e-05 000.1 064.6 -51.6 1.000000 1.000000 1.000000 IRM_2G 2022-06-10 12:00:00
AF  50 064.6 -51.4 064.6 -51.4 1.96e-05 000.1 064.6 -51.4 1.000000 1.000000 1.000000 IRM_2G 2022-06-10 12:00:00
AF  60 064.6 -51.1 064.6 -51.1 1.90e-05 000.1 064.6 -51.1 1.000000 1.000000 1.000000 IRM_2G 2022-06-10 12:00:00
AF  70 064.6 -50.5 064.6 -50.5 1.82e-05 000.1 064.6 -50.5 1.000000 1.000000 1.000000 IRM_2G 2022-06-10 12:00:00
AF  80 064.5 -49.8 064.5 -49.8 1.72e-05 000.1 064.5 -49.8 1.000000 1.000000 1.000000 IRM_2G 2022-06-10 12:00:00
AF  90 064.4 -48.8 064.4 -48.8 1.61e-05 000.1 064.4 -48.8 1.000000 1.000000 1.000000 IRM_2G 2022-06-10 12:00:00
AF 100 064.1 -47.0 064.1 -47.0 1.44e-05 000.1 064.1 -47.0 1.000000 1.000000 1.000000 IRM_2G 2022-06-10 12:00:00
AF 110 064.0 -45.4 064.0 -45.4 1.33e-05 000.1 064.0 -45.4 1.000000 1.000000 1.000000 IRM_2G 2022-06-10 12:00:00
AF 120 063.7 -43.6 063.7 -43.6 1.22e-05 000.1 063.7 -43.6 1.000000 1.000000 1.000000 IRM_2G 2022-06-10 12:00:00
AF 130 063.5 -41.5 063.5 -41.5 1.11e-05 000.1 063.5 -41.5 1.000000 1.000000 1.000000 IRM_2G 2022-06-10 12:00:00
AF 140 063.4 -39.2 063.4 -39.2 1.02e-05 000.1 063.4 -39.2 1.000000 1.000000 1.000000 IRM_2G 2022-06-10 12:00:00
AF 150 063.2 -36.5 063.2 -36.5 9.30e-06 000.1 063.2 -36.5 1.000000 1.000000 1.000000 IRM_2G 2022-06-10 12:00:00
AF 160 062.9 -33.3 062.9 -33.3 8.49e-06 000.1 062.9 -33.3 1.000000 1.000000 1.000000 IRM_2G 2022-06-10 12:00:00
AF 170 062.8 -29.8 062.8 -29.8 7.77e-06 000.1 062.8 -29.8 1.000000 1.000000 1.000000 IRM_2G 2022-06-10 12:00:00
AF 180 062.8 -26.2 062.8 -26.2 7.19e-06 000.1 062.8 -26.2 1.000000 1.000000 1.000000 IRM_2G 2022-06-10 12:00:00
AF 190 062.6 -22.0 062.6 -22.0 6.64e-06 000.1 062.6 -22.0 1.000000 1.000000 1.000000 IRM_2G 2022-06-10 12:00:00
AF 200 062.6 -18.4 062.6 -18.4 6.25e-06 000.1 062.6 -18.4 1.000000 1.000000 1.000000 IRM_2G 2022-06-10 12:00:00
AF 210 062.5 -14.3 062.5 -14.3 5.89e-06 000.1 062.5 -14.3 1.000000 1.000000 1.000000 IRM_2G 2022-06-10 12:00:00
AF 220 062.6 -10.4 062.6 -10.4 5.59e-06 000.1 062.6 -10.4 1.000000 1.000000 1.000000 IRM_2G 2022-06-10 12:00:00
AF 230 062.5 -06.7 062.5 -06.7 5.35e-06 000.1 062.5 -06.7 1.000000 1.000000 1.000000 IRM_2G 2022-06-10 12:00:00
AF 240 062.6 -03.3 062.6 -03.3 5.16e-06 000.1 062.6 -03.3 1.000000 1.000000 1.000000 IRM_2G 2022-06-10 12:00:00
AF 250 062.7 -00.3 062.7 -00.3 5.01e-06 000.1 062.7 -00.3 1.000000 1.000000 1.000000 IRM_2G 2022-06-10 12:00:00
AF 275 062.9 005.6 062.9 005.6 4.73e-06 000.1 062.9 005.6 1.000000 1.000000 1.000000 IRM_2G 2022-06-10 12:00:00
AF 300 063.1 011.8 063.1 011.8 4.52e-06 000.1 063.1 011.8 1.000000 1.000000 1.000000 IRM_2G 2022-06-10 12:00:00
AF 325 063.3 016.2 063.3 016.2 4.38e-06 000.1 063.3 016.2 1.000000 1.000000 1.000000 IRM_2G 2022-06-10 12:00:00
AF 350 063.5 019.9 063.5 019.9 4.28e-06 000.1 063.5 019.9 1.000000 1.000000 1.000000 IRM_2G 2022-06-10 12:00:00
AF 375 063.4 023.0 063.4 023.0 4.23e-06 000.1 063.4 023.0 1.000000 1.000000 1.000000 IRM_2G 2022-06-10 12:00:00
AF 400 063.6 024.3 063.6 024.3 4.19e-06 000.1 063.6 024.3 1.000000 1.000000 1.000000 IRM_2G 2022-06-10 12:00:00
AF 450 064.1 028.9 064.1 028.9 4.09e-06 000.1 064.1 028.9 1.000000 1.000000 1.000000 IRM_2G 2022-06-10 12:00:00
AF 500 064.4 032.7 064.4 032.7 3.98e-06 000.1 064.4 032.7 1.000000 1.000000 1.000000 IRM_2G 2022-06-10 12:00:00
AF 550 064.4 035.3 064.4 035.3 3.87e-06 000.1 064.4 035.3 1.000000 1.000000 1.000000 IRM_2G 2022-06-10 12:00:00
AF 600 065.4 038.0 065.4 038.0 3.74e-06 000.1 065.4 038.0 1.000000 1.000000 1.000000 IRM_2G 2022-06-10 12:00:00
AF 700 064.7 040.3 064.7 040.3 3.46e-06 000.1 064.7 040.3 1.000000 1.000000 1.000000 IRM_2G 2022-06-10 12:00:00
AF 800 065.3 041.7 065.3 041.7 3.19e-06 000.1 065.3 041.7 1.000000 1.000000 1.000000 IRM_2G 2022-06-10 12:00:00
AF 900 064.7 043.3 064.7 043.3 2.78e-06 000.1 064.7 043.3 1.000000 1.000000 1.000000 IRM_2G 2022-06-10 12:00:00
AF1000 067.2 046.7 067.2 046.7 2.30e-06 000.1 067.2 046.7 1.000000 1.000000 1.000000 IRM_2G 2022-06-10 12:00:00
AF1200 062.4 044.2 062.4 044.2 1.50e-06 000.1 062.4 044.2 1.000000 1.000000 1.000000 IRM_2G 2022-06-10 12:00:00
AF1300 059.0 042.8 059.0 042.8 1.14e-06 000.1 059.0 042.8 1.000000 1.000000 1.000000 IRM_2G 2022-06-10 12:00:00
AF1400 067.0 051.2 067.0 051.2 8.74e-07 000.1 067.0 051.2 1.000000 1.000000 1.000000 IRM_2G 2022-06-10 12:00:00
AF1500 055.8 038.4 055.8 038.4 6.62e-07 000.1 055.8 038.4 1.000000 1.000000 1.000000 IRM_2G 2022-06-10 12:00:00
AF1600 065.7 053.1 065.7 053.1 4.60e-07 000.1 065.7 053.1 1.000000 1.000000 1.000000 IRM_2G 2022-06-10 12:00:00
AF1700 044.3 030.7 044.3 030.7 3.78e-07 000.1 044.3 030.7 1.000000 1.000000 1.000000 IRM_2G 2022-06-10 12:00:00
