DA4-1C
      0 389.0  50.0   0.0   0.0   1.0
NRM    299.0 -07.1 299.0 -07.1 1.98e-05 000.1 000.0 042.9 1.000000 1.000000 1.000000 IRM_2G 2022-06-10 12:00:00
NRM    299.0 -07.1 299.0 -07.1 1.98e-05 000.1 360.0 042.9 1.000000 1.000000 1.000000 IRM_2G 2022-06-10 12:00:00
NRM    299.0 -07.1 299.0 -07.1 1.98e-05 000.1 000.0 042.9 1.000000 1.000000 1.000000 IRM_2G 2022-06-10 12:00:00
NRM    298.9 -07.1 298.9 -07.1 1.98e-05 000.1 359.9 042.9 1.000000 1.000000 1.000000 IRM_2G 2022-06-10 12:00:00
AF  25 295.2 -06.9 295.2 -06.9 1.92e-05 000.1 354.8 042.9 1.000000 1.000000 1.000000 IRM_2G 2022-06-10 12:00:00
AF  30 292.9 -06.7 292.9 -06.7 1.88e-05 000.1 351.7 042.9 1.000000 1.000000 1.000000 IRM_2G 2022-06-10 12:00:00
AF  40 288.4 -05.8 288.4 -05.8 1.80e-05 000.1 345.4 043.2 1.000000 1.000000 1.000000 IRM_2G 2022-06-10 12:00:00
AF  50 284.8 -04.5 284.8 -04.5 1.70e-05 000.1 340.3 043.7 1.000000 1.000000 1.000000 IRM_2G 2022-06-10 12:00:00
AF  60 282.3 -02.5 282.3 -02.5 1.58e-05 000.1 336.2 044.8 1.000000 1.000000 1.000000 IRM_2G 2022-06-10 12:00:00
AF  70 281.5 000.1 281.5 000.1 1.44e-05 000.1 333.8 047.0 1.000000 1.000000 1.000000 IRM_2G 2022-06-10 12:00:00
AF  80 281.8 003.0 281.8 003.0 1.31e-05 000.1 332.8 049.9 1.000000 1.000000 1.000000 IRM_2G 2022-06-10 12:00:00
AF  90 282.9 006.1 282.9 006.1 1.19e-05 000.1 332.6 053.2 1.000000 1.000000 1.000000 IRM_2G 2022-06-10 12:00:00
AF 100 285.1 010.9 285.1 010.9 1.05e-05 000.1 333.3 058.4 1.000000 1.000000 1.000000 IRM_2G 2022-06-10 12:00:00
AF 110 287.0 014.6 287.0 014.6 9.72e-06 000.1 334.1 062.5 1.000000 1.000000 1.000000 IRM_2G 2022-06-10 12:00:00
AF 120 288.6 018.0 288.6 018.0 9.10e-06 000.1 334.8 066.2 1.000000 1.000000 1.000000 IRM_2G 2022-06-10 12:00:00
AF 130 290.2 021.1 290.2 021.1 8.59e-06 000.1 335.8 069.7 1.000000 1.000000 1.000000 IRM_2G 2022-06-10 12:00:00
AF 140 291.7 023.9 291.7 023.9 8.20e-06 000.1 336.8 072.7 1.000000 1.000000 1.000000 IRM_2G 2022-06-10 12:00:00
AF 150 292.9 026.4 292.9 026.4 7.91e-06 000.1 337.6 075.5 1.000000 1.000000 1.000000 IRM_2G 2022-06-10 12:00:00
AF 160 294.1 028.8 294.1 028.8 7.61e-06 000.1 338.5 078.1 1.000000 1.000000 1.000000 IRM_2G 2022-06-10 12:00:00
AF 170 294.8 030.7 294.8 030.7 7.42e-06 000.1 338.7 080.1 1.000000 1.000000 1.000000 IRM_2G 2022-06-10 12:00:00
AF 180 295.7 032.6 295.7 032.6 7.23e-06 000.1 339.1 082.2 1.000000 1.000000 1.000000 IRM_2G 2022-06-10 12:00:00
AF 190 296.3 034.1 296.3 034.1 7.08e-06 000.1 339.0 083.7 1.000000 1.000000 1.000000 IRM_2G 2022-06-10 12:00:00
AF 200 296.8 035.5 296.8 035.5 6.95e-06 000.1 338.3 085.2 1.000000 1.000000 1.000000 IRM_2G 2022-06-10 12:00:00
AF 210 297.1 036.7 297.1 036.7 6.82e-06 000.1 334.8 086.4 1.000000 1.000000 1.000000 IRM_2G 2022-06-10 12:00:00
AF 220 297.3 038.1 297.3 038.1 6.67e-06 000.1 325.7 087.7 1.000000 1.000000 1.000000 IRM_2G 2022-06-10 12:00:00
AF 230 297.6 038.9 297.6 038.9 6.60e-06 000.1 314.7 088.5 1.000000 1.000000 1.000000 IRM_2G 2022-06-10 12:00:00
AF 240 297.8 040.4 297.8 040.4 6.48e-06 000.1 245.2 089.0 1.000000 1.000000 1.000000 IRM_2G 2022-06-10 12:00:00
AF 250 298.0 041.3 298.0 041.3 6.42e-06 000.1 210.4 088.5 1.000000 1.000000 1.000000 IRM_2G 2022-06-10 12:00:00
AF 275 298.3 043.2 298.3 043.2 6.20e-06 000.1 189.1 086.7 1.000000 1.000000 1.000000 IRM_2G 2022-06-10 12:00:00
AF 300 298.7 045.6 298.7 045.6 5.99e-06 000.1 182.4 084.3 1.000000 1.000000 1.000000 IRM_2G 2022-06-10 12:00:00
AF 325 298.8 047.3 298.8 047.3 5.83e-06 000.1 181.2 082.7 1.000000 1.000000 1.000000 IRM_2G 2022-06-10 12:00:00
AF 350 298.5 049.1 298.5 049.1 5.69e-06 000.1 182.2 080.8 1.000000 1.000000 1.000000 IRM_2G 2022-06-10 12:00:00
AF 375 298.2 050.2 298.2 050.2 5.56e-06 000.1 183.1 079.7 1.000000 1.000000 1.000000 IRM_2G 2022-06-10 12:00:00
AF 400 298.1 050.8 298.1 050.8 5.52e-06 000.1 183.2 079.2 1.000000 1.000000 1.000000 IRM_2G 2022-06-10 12:00:00
AF 450 297.7 052.8 297.7 052.8 5.30e-06 000.1 183.5 077.2 1.000000 1.000000 1.000000 IRM_2G 2022-06-10 12:00:00
AF 500 297.5 054.6 297.5 054.6 5.08e-06 000.1 183.4 075.4 1.000000 1.000000 1.000000 IRM_2G 2022-06-10 12:00:00
AF 550 297.2 056.0 297.2 056.0 4.88e-06 000.1 183.6 074.0 1.000000 1.000000 1.000000 IRM_2G 2022-06-10 12:00:00
AF 600 298.7 056.5 298.7 056.5 4.71e-06 000.1 180.5 073.5 1.000000 1.000000 1.000000 IRM_2G 2022-06-10 12:00:00
AF 700 296.8 059.0 296.8 059.0 4.25e-06 000.1 183.5 070.9 1.000000 1.000000 1.000000 IRM_2G 2022-06-10 12:00:00
AF 800 295.4 059.4 295.4 059.4 3.88e-06 000.1 185.6 070.5 1.000000 1.000000 1.000000 IRM_2G 2022-06-10 12:00:00
AF 900 294.5 061.3 294.5 061.3 3.40e-06 000.1 185.9 068.6 1.000000 1.000000 1.000000 IRM_2G 2022-06-10 12:00:00
AF1000 300.1 061.2 300.1 061.2 2.85e-06 000.1 178.6 068.7 1.000000 1.000000 1.000000 IRM_2G 2022-06-10 12:00:00
AF1200 294.3 062.2 294.3 062.2 1.83e-06 000.1 185.8 067.6 1.000000 1.000000 1.000000 IRM_2G 2022-06-10 12:00:00
AF1300 294.0 062.2 294.0 062.2 1.39e-06 000.1 186.2 067.6 1.000000 1.000000 1.000000 IRM_2G 2022-06-10 12:00:00
AF1400 311.7 058.6 311.7 058.6 1.14e-06 000.1 160.8 069.7 1.000000 1.000000 1.000000 IRM_2G 2022-06-10 12:00:00
AF1500 293.3 061.3 293.3 061.3 7.78e-07 000.1 187.4 068.4 1.000000 1.000000 1.000000 IRM_2G 2022-06-10 12:00:00
AF1600 318.4 053.3 318.4 053.3 6.29e-07 000.1 141.9 071.3 1.000000 1.000000 1.000000 IRM_2G 2022-06-10 12:00:00
AF1700 284.3 060.2 284.3 060.2 3.95e-07 000.1 199.5 067.8 1.000000 1.000000 1.000000 IRM_2G 2022-06-10 12:00:00
