DA6-1c
      0 205.0  96.0   0.0   0.0   1.0
NRM    307.4 055.5 307.4 055.5 1.18e-05 000.1 189.1 -39.5 1.000000 1.000000 1.000000 IRM_2G 2022-06-10 12:00:00
NRM    307.4 055.5 307.4 055.5 1.18e-05 000.1 189.1 -39.5 1.000000 1.000000 1.000000 IRM_2G 2022-06-10 12:00:00
NRM    307.5 055.5 307.5 055.5 1.18e-05 000.1 189.1 -39.5 1.000000 1.000000 1.000000 IRM_2G 2022-06-10 12:00:00
NRM    307.5 055.5 307.5 055.5 1.18e-05 000.1 189.1 -39.5 1.000000 1.000000 1.000000 IRM_2G 2022-06-10 12:00:00
AF  25 306.0 056.4 306.0 056.4 1.10e-05 000.1 187.8 -38.8 1.000000 1.000000 1.000000 IRM_2G 2022-06-10 12:00:00
AF  30 305.2 056.8 305.2 056.8 1.04e-05 000.1 187.1 -38.6 1.000000 1.000000 1.000000 IRM_2G 2022-06-10 12:00:00
AF  40 303.1 057.5 303.1 057.5 8.90e-06 000.1 185.5 -38.1 1.000000 1.000000 1.000000 IRM_2G 2022-06-10 12:00:00
AF  50 300.6 058.3 300.6 058.3 7.63e-06 000.1 183.7 -37.6 1.000000 1.000000 1.000000 IRM_2G 2022-06-10 12:00:00
AF  60 297.4 058.6 297.4 058.6 6.54e-06 000.1 181.6 -37.4 1.000000 1.000000 1.000000 IRM_2G 2022-06-10 12:00:00
AF  70 294.6 058.4 294.6 058.4 5.65e-06 000.1 179.7 -37.6 1.000000 1.000000 1.000000 IRM_2G 2022-06-10 12:00:00
AF  80 291.9 058.5 291.9 058.5 4.97e-06 000.1 177.9 -37.5 1.000000 1.000000 1.000000 IRM_2G 2022-06-10 12:00:00
AF  90 289.0 058.5 289.0 058.5 4.46e-06 000.1 176.1 -37.3 1.000000 1.000000 1.000000 IRM_2G 2022-06-10 12:00:00
AF 100 285.2 058.3 285.2 058.3 3.91e-06 000.1 173.6 -37.2 1.000000 1.000000 1.000000 IRM_2G 2022-06-10 12:00:00
AF 110 282.7 058.1 282.7 058.1 3.63e-06 000.1 171.9 -37.1 1.000000 1.000000 1.000000 IRM_2G 2022-06-10 12:00:00
AF 120 281.2 057.6 281.2 057.6 3.46e-06 000.1 170.7 -37.2 1.000000 1.000000 1.000000 IRM_2G 2022-06-10 12:00:00
AF 130 279.9 057.8 279.9 057.8 3.33e-06 000.1 170.0 -36.9 1.000000 1.000000 1.000000 IRM_2G 2022-06-10 12:00:00
AF 140 279.6 057.5 279.6 057.5 3.27e-06 000.1 169.7 -37.1 1.000000 1.000000 1.000000 IRM_2G 2022-06-10 12:00:00
AF 150 279.5 057.7 279.5 057.7 3.24e-06 000.1 169.7 -36.9 1.000000 1.000000 1.000000 IRM_2G 2022-06-10 12:00:00
AF 160 279.1 057.3 279.1 057.3 3.20e-06 000.1 169.3 -37.2 1.000000 1.000000 1.000000 IRM_2G 2022-06-10 12:00:00
AF 170 279.6 057.1 279.6 057.1 3.18e-06 000.1 169.5 -37.5 1.000000 1.000000 1.000000 IRM_2G 2022-06-10 12:00:00
AF 180 279.1 057.1 279.1 057.1 3.15e-06 000.1 169.2 -37.4 1.000000 1.000000 1.000000 IRM_2G 2022-06-10 12:00:00
AF 190 279.3 057.0 279.3 057.0 3.14e-06 000.1 169.3 -37.5 1.000000 1.000000 1.000000 IRM_2G 2022-06-10 12:00:00
AF 200 278.9 057.1 278.9 057.1 3.12e-06 000.1 169.1 -37.4 1.000000 1.000000 1.000000 IRM_2G 2022-06-10 12:00:00
AF 210 279.2 057.0 279.2 057.0 3.09e-06 000.1 169.2 -37.5 1.000000 1.000000 1.000000 IRM_2G 2022-06-10 12:00:00
AF 220 279.3 056.8 279.3 056.8 3.07e-06 000.1 169.2 -37.7 1.000000 1.000000 1.000000 IRM_2G 2022-06-10 12:00:00
AF 230 279.5 056.8 279.5 056.8 3.07e-06 000.1 169.3 -37.8 1.000000 1.000000 1.000000 IRM_2G 2022-06-10 12:00:00
AF 240 279.2 057.2 279.2 057.2 3.04e-06 000.1 169.3 -37.3 1.000000 1.000000 1.000000 IRM_2G 2022-06-10 12:00:00
AF 250 279.7 056.8 279.7 056.8 3.04e-06 000.1 169.5 -37.8 1.000000 1.000000 1.000000 IRM_2G 2022-06-10 12:00:00
AF 275 279.9 056.5 279.9 056.5 3.02e-06 000.1 169.5 -38.1 1.000000 1.000000 1.000000 IRM_2G 2022-06-10 12:00:00
AF 300 280.1 056.8 280.1 056.8 2.98e-06 000.1 169.7 -37.9 1.000000 1.000000 1.000000 IRM_2G 2022-06-10 12:00:00
AF 325 280.7 056.8 280.7 056.8 2.92e-06 000.1 170.1 -38.0 1.000000 1.000000 1.000000 IRM_2G 2022-06-10 12:00:00
AF 350 280.5 056.6 280.5 056.6 2.89e-06 000.1 169.9 -38.1 1.000000 1.000000 1.000000 IRM_2G 2022-06-10 12:00:00
AF 375 281.3 056.8 281.3 056.8 2.84e-06 000.1 170.5 -38.0 1.000000 1.000000 1.000000 IRM_2G 2022-06-10 12:00:00
AF 400 281.0 056.8 281.0 056.8 2.82e-06 000.1 170.3 -38.0 1.000000 1.000000 1.000000 IRM_2G 2022-06-10 12:00:00
AF 450 281.7 057.1 281.7 057.1 2.72e-06 000.1 170.9 -37.8 1.000000 1.000000 1.000000 IRM_2G 2022-06-10 12:00:00
AF 500 281.1 057.2 281.1 057.2 2.60e-06 000.1 170.6 -37.6 1.000000 1.000000 1.000000 IRM_2G 2022-06-10 12:00:00
AF 550 280.9 057.2 280.9 057.2 2.48e-06 000.1 170.4 -37.6 1.000000 1.000000 1.000000 IRM_2G 2022-06-10 12:00:00
AF 600 281.4 057.1 281.4 057.1 2.37e-06 000.1 170.7 -37.8 1.000000 1.000000 1.000000 IRM_2G 2022-06-10 12:00:00
AF 700 280.7 058.2 280.7 058.2 2.07e-06 000.1 170.7 -36.6 1.000000 1.000000 1.000000 IRM_2G 2022-06-10 12:00:00
AF 800 280.0 058.8 280.0 058.8 1.87e-06 000.1 170.5 -35.9 1.000000 1.000000 1.000000 IRM_2G 2022-06-10 12:00:00
AF 900 280.1 059.7 280.1 059.7 1.58e-06 000.1 170.9 -35.1 1.000000 1.000000 1.000000 IRM_2G 2022-06-10 12:00:00
AF1000 280.6 059.4 280.6 059.4 1.38e-06 000.1 171.1 -35.5 1.000000 1.000000 1.000000 IRM_2G 2022-06-10 12:00:00
AF1200 281.3 065.1 281.3 065.1 8.58e-07 000.1 173.4 -30.1 1.000000 1.000000 1.000000 IRM_2G 2022-06-10 12:00:00
AF1300 278.6 065.4 278.6 065.4 6.50e-07 000.1 172.2 -29.5 1.000000 1.000000 1.000000 IRM_2G 2022-06-10 12:00:00
AF1400 275.4 062.6 275.4 062.6 5.86e-07 000.1 169.6 -31.6 1.000000 1.000000 1.000000 IRM_2G 2022-06-10 12:00:00
AF1500 265.4 072.1 265.4 072.1 3.80e-07 000.1 170.6 -21.4 1.000000 1.000000 1.000000 IRM_2G 2022-06-10 12:00:00
AF1600 276.9 058.8 276.9 058.8 3.94e-07 000.1 168.6 -35.4 1.000000 1.000000 1.000000 IRM_2G 2022-06-10 12:00:00
AF1700 252.3 074.3 252.3 074.3 1.98e-07 000.1 168.9 -17.4 1.000000 1.000000 1.000000 IRM_2G 2022-06-10 12:00:00
