DA7-2c
      0 448.0  50.0   0.0   0.0   1.0
NRM    311.4 044.7 311.4 044.7 2.68e-03 000.1 246.5 055.7 1.000000 1.000000 1.000000 IRM_2G 2022-06-10 12:00:00
NRM    311.5 044.7 311.5 044.7 2.68e-03 000.1 246.5 055.8 1.000000 1.000000 1.000000 IRM_2G 2022-06-10 12:00:00
NRM    311.5 044.7 311.5 044.7 2.68e-03 000.1 246.5 055.8 1.000000 1.000000 1.000000 IRM_2G 2022-06-10 12:00:00
NRM    311.5 044.7 311.5 044.7 2.68e-03 000.1 246.5 055.8 1.000000 1.000000 1.000000 IRM_2G 2022-06-10 12:00:00
AF  25 313.0 042.9 313.0 042.9 2.67e-03 000.1 249.9 056.5 1.000000 1.000000 1.000000 IRM_2G 2022-06-10 12:00:00
AF  30 313.2 042.7 313.2 042.7 2.66e-03 000.1 250.4 056.6 1.000000 1.000000 1.000000 IRM_2G 2022-06-10 12:00:00
AF  40 313.4 042.3 313.4 042.3 2.64e-03 000.1 251.1 056.7 1.000000 1.000000 1.000000 IRM_2G 2022-06-10 12:00:00
AF  50 313.6 042.3 313.6 042.3 2.62e-03 000.1 251.2 056.8 1.000000 1.000000 1.000000 IRM_2G 2022-06-10 12:00:00
AF  60 313.5 042.1 313.5 042.1 2.61e-03 000.1 251.6 056.8 1.000000 1.000000 1.000000 IRM_2G 2022-06-10 12:00:00
AF  70 313.6 042.0 313.6 042.0 2.60e-03 000.1 251.7 056.8 1.000000 1.000000 1.000000 IRM_2G 2022-06-10 12:00:00
AF  80 313.9 041.9 313.9 041.9 2.57e-03 000.1 252.1 057.0 1.000000 1.000000 1.000000 IRM_2G 2022-06-10 12:00:00
AF  90 313.7 041.7 313.7 041.7 2.58e-03 000.1 252.3 056.9 1.000000 1.000000 1.000000 IRM_2G 2022-06-10 12:00:00
AF 100 313.6 041.3 313.6 041.3 2.58e-03 000.1 253.0 056.7 1.000000 1.000000 1.000000 IRM_2G 2022-06-10 12:00:00
AF 110 314.0 041.1 314.0 041.1 2.55e-03 000.1 253.5 056.9 1.000000 1.000000 1.000000 IRM_2G 2022-06-10 12:00:00
AF 120 313.8 040.9 313.8 040.9 2.55e-03 000.1 253.7 056.7 1.000000 1.000000 1.000000 IRM_2G 2022-06-10 12:00:00
AF 130 313.9 041.1 313.9 041.1 2.54e-03 000.1 253.5 056.8 1.000000 1.000000 1.000000 IRM_2G 2022-06-10 12:00:00
AF 140 313.9 041.4 313.9 041.4 2.53e-03 000.1 253.0 056.9 1.000000 1.000000 1.000000 IRM_2G 2022-06-10 12:00:00
AF 150 313.9 040.8 313.9 040.8 2.52e-03 000.1 254.0 056.8 1.000000 1.000000 1.000000 IRM_2G 2022-06-10 12:00:00
AF 160 314.1 040.7 314.1 040.7 2.51e-03 000.1 254.2 056.9 1.000000 1.000000 1.000000 IRM_2G 2022-06-10 12:00:00
AF 170 314.3 041.0 314.3 041.0 2.50e-03 000.1 253.7 057.1 1.000000 1.000000 1.000000 IRM_2G 2022-06-10 12:00:00
AF 180 314.6 041.4 314.6 041.4 2.49e-03 000.1 253.1 057.4 1.000000 1.000000 1.000000 IRM_2G 2022-06-10 12:00:00
AF 190 314.7 041.0 314.7 041.0 2.48e-03 000.1 253.9 057.4 1.000000 1.000000 1.000000 IRM_2G 2022-06-10 12:00:00
AF 200 314.4 040.8 314.4 040.8 2.47e-03 000.1 254.1 057.1 1.000000 1.000000 1.000000 IRM_2G 2022-06-10 12:00:00
AF 210 314.9 040.9 314.9 040.9 2.44e-03 000.1 254.2 057.6 1.000000 1.000000 1.000000 IRM_2G 2022-06-10 12:00:00
AF 220 315.1 040.9 315.1 040.9 2.43e-03 000.1 254.2 057.7 1.000000 1.000000 1.000000 IRM_2G 2022-06-10 12:00:00
AF 230 314.9 040.9 314.9 040.9 2.42e-03 000.1 254.1 057.5 1.000000 1.000000 1.000000 IRM_2G 2022-06-10 12:00:00
AF 240 315.7 041.0 315.7 041.0 2.41e-03 000.1 254.2 058.1 1.000000 1.000000 1.000000 IRM_2G 2022-06-10 12:00:00
AF 250 316.4 041.0 316.4 041.0 2.39e-03 000.1 254.3 058.7 1.000000 1.000000 1.000000 IRM_2G 2022-06-10 12:00:00
AF 275 316.3 041.1 316.3 041.1 2.35e-03 000.1 254.2 058.6 1.000000 1.000000 1.000000 IRM_2G 2022-06-10 12:00:00
AF 300 316.3 041.5 316.3 041.5 2.32e-03 000.1 253.5 058.7 1.000000 1.000000 1.000000 IRM_2G 2022-06-10 12:00:00
AF 325 317.6 041.8 317.6 041.8 2.26e-03 000.1 253.3 059.7 1.000000 1.000000 1.000000 IRM_2G 2022-06-10 12:00:00
AF 350 317.6 042.6 317.6 042.6 2.23e-03 000.1 251.7 059.8 1.000000 1.000000 1.000000 IRM_2G 2022-06-10 12:00:00
AF 375 318.1 042.2 318.1 042.2 2.18e-03 000.1 252.7 060.1 1.000000 1.000000 1.000000 IRM_2G 2022-06-10 12:00:00
AF 400 318.1 041.8 318.1 041.8 2.17e-03 000.1 253.3 060.1 1.000000 1.000000 1.000000 IRM_2G 2022-06-10 12:00:00
AF 450 318.0 042.2 318.0 042.2 2.10e-03 000.1 252.6 060.1 1.000000 1.000000 1.000000 IRM_2G 2022-06-10 12:00:00
AF 500 319.3 042.4 319.3 042.4 2.00e-03 000.1 252.5 061.0 1.000000 1.000000 1.000000 IRM_2G 2022-06-10 12:00:00
AF 550 320.0 043.2 320.0 043.2 1.90e-03 000.1 250.9 061.6 1.000000 1.000000 1.000000 IRM_2G 2022-06-10 12:00:00
AF 600 320.2 042.9 320.2 042.9 1.83e-03 000.1 251.5 061.8 1.000000 1.000000 1.000000 IRM_2G 2022-06-10 12:00:00
AF 700 321.5 043.3 321.5 043.3 1.61e-03 000.1 250.9 062.7 1.000000 1.000000 1.000000 IRM_2G 2022-06-10 12:00:00
AF 800 322.7 044.8 322.7 044.8 1.43e-03 000.1 247.7 063.7 1.000000 1.000000 1.000000 IRM_2G 2022-06-10 12:00:00
AF 900 324.6 044.6 324.6 044.6 1.23e-03 000.1 248.4 065.1 1.000000 1.000000 1.000000 IRM_2G 2022-06-10 12:00:00
AF1000 324.9 043.6 324.9 043.6 1.02e-03 000.1 250.8 065.3 1.000000 1.000000 1.000000 IRM_2G 2022-06-10 12:00:00
AF1200 325.6 048.4 325.6 048.4 6.17e-04 000.1 239.1 065.5 1.000000 1.000000 1.000000 IRM_2G 2022-06-10 12:00:00
AF1300 327.5 041.5 327.5 041.5 4.87e-04 000.1 256.4 067.0 1.000000 1.000000 1.000000 IRM_2G 2022-06-10 12:00:00
AF1400 316.0 042.1 316.0 042.1 4.59e-04 000.1 252.2 058.6 1.000000 1.000000 1.000000 IRM_2G 2022-06-10 12:00:00
AF1500 324.2 052.2 324.2 052.2 2.77e-04 000.1 230.7 063.9 1.000000 1.000000 1.000000 IRM_2G 2022-06-10 12:00:00
AF1600 305.2 038.9 305.2 038.9 2.89e-04 000.1 253.9 049.8 1.000000 1.000000 1.000000 IRM_2G 2022-06-10 12:00:00
AF1700 317.8 054.2 317.8 054.2 1.49e-04 000.1 228.4 059.7 1.000000 1.000000 1.000000 IRM_2G 2022-06-10 12:00:00
