DX1-4b
      0 444.0  28.0   0.0   0.0   1.0
NRM    285.3 040.3 285.3 040.3 2.91e-07 000.1 265.3 044.5 1.000000 1.000000 1.000000 IRM_2G 2022-06-10 12:00:00
NRM    285.4 040.3 285.4 040.3 2.91e-07 000.1 265.3 044.5 1.000000 1.000000 1.000000 IRM_2G 2022-06-10 12:00:00
NRM    285.4 040.3 285.4 040.3 2.91e-07 000.1 265.4 044.5 1.000000 1.000000 1.000000 IRM_2G 2022-06-10 12:00:00
NRM    285.4 040.3 285.4 040.3 2.91e-07 000.1 265.4 044.5 1.000000 1.000000 1.000000 IRM_2G 2022-06-10 12:00:00
AF  25 285.1 040.4 285.1 040.4 2.90e-07 000.1 265.0 044.5 1.000000 1.000000 1.000000 IRM_2G 2022-06-10 12:00:00
AF  30 284.9 040.5 284.9 040.5 2.90e-07 000.1 264.7 044.5 1.000000 1.000000 1.000000 IRM_2G 2022-06-10 12:00:00
AF  40 284.7 040.6 284.7 040.6 2.89e-07 000.1 264.5 044.5 1.000000 1.000000 1.000000 IRM_2G 2022-06-10 12:00:00
AF  50 284.1 040.8 284.1 040.8 2.86e-07 000.1 263.9 044.3 1.000000 1.000000 1.000000 IRM_2G 2022-06-10 12:00:00
AF  60 283.7 040.7 283.7 040.7 2.83e-07 000.1 263.6 044.0 1.000000 1.000000 1.000000 IRM_2G 2022-06-10 12:00:00
AF  70 283.6 040.9 283.6 040.9 2.79e-07 000.1 263.3 044.2 1.000000 1.000000 1.000000 IRM_2G 2022-06-10 12:00:00
AF  80 283.5 041.1 283.5 041.1 2.76e-07 000.1 263.0 044.3 1.000000 1.000000 1.000000 IRM_2G 2022-06-10 12:00:00
AF  90 283.5 041.1 283.5 041.1 2.73e-07 000.1 263.1 044.3 1.000000 1.000000 1.000000 IRM_2G 2022-06-10 12:00:00
AF 100 283.2 041.1 283.2 041.1 2.67e-07 000.1 262.8 044.2 1.000000 1.000000 1.000000 IRM_2G 2022-06-10 12:00:00
AF 110 283.2 041.2 283.2 041.2 2.63e-07 000.1 262.7 044.2 1.000000 1.000000 1.000000 IRM_2G 2022-06-10 12:00:00
AF 120 283.1 041.4 283.1 041.4 2.61e-07 000.1 262.5 044.4 1.000000 1.000000 1.000000 IRM_2G 2022-06-10 12:00:00
AF 130 283.1 041.8 283.1 041.8 2.56e-07 000.1 262.1 044.7 1.000000 1.000000 1.000000 IRM_2G 2022-06-10 12:00:00
AF 140 283.2 041.8 283.2 041.8 2.54e-07 000.1 262.2 044.7 1.000000 1.000000 1.000000 IRM_2G 2022-06-10 12:00:00
AF 150 282.9 042.3 282.9 042.3 2.51e-07 000.1 261.5 045.0 1.000000 1.000000 1.000000 IRM_2G 2022-06-10 12:00:00
AF 160 283.4 042.2 283.4 042.2 2.48e-07 000.1 262.0 045.1 1.000000 1.000000 1.000000 IRM_2G 2022-06-10 12:00:00
AF 170 283.2 042.3 283.2 042.3 2.44e-07 000.1 261.8 045.1 1.000000 1.000000 1.000000 IRM_2G 2022-06-10 12:00:00
AF 180 282.6 042.5 282.6 042.5 2.42e-07 000.1 261.1 045.0 1.000000 1.000000 1.000000 IRM_2G 2022-06-10 12:00:00
AF 190 283.4 042.7 283.4 042.7 2.40e-07 000.1 261.6 045.5 1.000000 1.000000 1.000000 IRM_2G 2022-06-10 12:00:00
AF 200 282.5 042.3 282.5 042.3 2.38e-07 000.1 261.2 044.8 1.000000 1.000000 1.000000 IRM_2G 2022-06-10 12:00:00
AF 210 282.8 043.0 282.8 043.0 2.36e-07 000.1 260.8 045.5 1.000000 1.000000 1.000000 IRM_2G 2022-06-10 12:00:00
AF 220 283.0 043.2 283.0 043.2 2.35e-07 000.1 260.8 045.7 1.000000 1.000000 1.000000 IRM_2G 2022-06-10 12:00:00
AF 230 283.0 043.1 283.0 043.1 2.34e-07 000.1 260.9 045.6 1.000000 1.000000 1.000000 IRM_2G 2022-06-10 12:00:00
AF 240 283.6 042.9 283.6 042.9 2.32e-07 000.1 261.5 045.7 1.000000 1.000000 1.000000 IRM_2G 2022-06-10 12:00:00
AF 250 283.2 043.0 283.2 043.0 2.31e-07 000.1 261.1 045.7 1.000000 1.000000 1.000000 IRM_2G 2022-06-10 12:00:00
AF 275 283.2 043.5 283.2 043.5 2.28e-07 000.1 260.7 046.0 1.000000 1.000000 1.000000 IRM_2G 2022-06-10 12:00:00
AF 300 283.0 043.7 283.0 043.7 2.24e-07 000.1 260.4 046.1 1.000000 1.000000 1.000000 IRM_2G 2022-06-10 12:00:00
AF 325 283.4 043.9 283.4 043.9 2.22e-07 000.1 260.4 046.4 1.000000 1.000000 1.000000 IRM_2G 2022-06-10 12:00:00
AF 350 282.0 044.5 282.0 044.5 2.20e-07 000.1 258.8 046.2 1.000000 1.000000 1.000000 IRM_2G 2022-06-10 12:00:00
AF 375 282.5 043.9 282.5 043.9 2.17e-07 000.1 259.8 046.0 1.000000 1.000000 1.000000 IRM_2G 2022-06-10 12:00:00
AF 400 283.2 043.9 283.2 043.9 2.16e-07 000.1 260.2 046.3 1.000000 1.000000 1.000000 IRM_2G 2022-06-10 12:00:00
AF 450 282.6 043.9 282.6 043.9 2.10e-07 000.1 259.8 046.1 1.000000 1.000000 1.000000 IRM_2G 2022-06-10 12:00:00
AF 500 283.5 045.6 283.5 045.6 2.04e-07 000.1 258.9 047.8 1.000000 1.000000 1.000000 IRM_2G 2022-06-10 12:00:00
AF 550 283.3 044.9 283.3 044.9 1.99e-07 000.1 259.5 047.2 1.000000 1.000000 1.000000 IRM_2G 2022-06-10 12:00:00
AF 600 282.8 045.4 282.8 045.4 1.96e-07 000.1 258.6 047.3 1.000000 1.000000 1.000000 IRM_2G 2022-06-10 12:00:00
AF 700 282.2 045.3 282.2 045.3 1.82e-07 000.1 258.2 046.9 1.000000 1.000000 1.000000 IRM_2G 2022-06-10 12:00:00
AF 800 282.9 045.9 282.9 045.9 1.75e-07 000.1 258.2 047.7 1.000000 1.000000 1.000000 IRM_2G 2022-06-10 12:00:00
AF 900 283.1 046.7 283.1 046.7 1.64e-07 000.1 257.5 048.4 1.000000 1.000000 1.000000 IRM_2G 2022-06-10 12:00:00
AF1000 284.1 047.6 284.1 047.6 1.57e-07 000.1 257.4 049.5 1.000000 1.000000 1.000000 IRM_2G 2022-06-10 12:00:00
AF1200 284.1 047.0 284.1 047.0 1.28e-07 000.1 258.0 049.1 1.000000 1.000000 1.000000 IRM_2G 2022-06-10 12:00:00
AF1300 285.6 047.0 285.6 047.0 1.18e-07 000.1 259.1 049.8 1.000000 1.000000 1.000000 IRM_2G 2022-06-10 12:00:00
AF1400 284.9 049.1 284.9 049.1 1.18e-07 000.1 256.3 051.0 1.000000 1.000000 1.000000 IRM_2G 2022-06-10 12:00:00
AF1500 287.2 048.5 287.2 048.5 1.05e-07 000.1 258.8 051.6 1.000000 1.000000 1.000000 IRM_2G 2022-06-10 12:00:00
AF1600 282.4 050.6 282.4 050.6 9.90e-08 000.1 252.8 051.0 1.000000 1.000000 1.000000 IRM_2G 2022-06-10 12:00:00
AF1700 288.2 048.3 288.2 048.3 8.74e-08 000.1 259.7 051.9 1.000000 1.000000 1.000000 IRM_2G 2022-06-10 12:00:00
