DX1-5b
      0 100.0  33.0   0.0   0.0   1.0
NRM    280.9 050.9 280.9 050.9 3.68e-04 000.1 236.7 041.0 1.000000 1.000000 1.000000 IRM_2G 2022-06-10 12:00:00
NRM    280.5 051.0 280.5 051.0 3.68e-04 000.1 236.4 040.9 1.000000 1.000000 1.000000 IRM_2G 2022-06-10 12:00:00
NRM    280.4 051.0 280.4 051.0 3.68e-04 000.1 236.3 040.8 1.000000 1.000000 1.000000 IRM_2G 2022-06-10 12:00:00
NRM    280.4 051.0 280.4 051.0 3.68e-04 000.1 236.3 040.8 1.000000 1.000000 1.000000 IRM_2G 2022-06-10 12:00:00
AF  25 280.2 051.0 280.2 051.0 3.68e-04 000.1 236.2 040.8 1.000000 1.000000 1.000000 IRM_2G 2022-06-10 12:00:00
AF  30 280.2 051.0 280.2 051.0 3.67e-04 000.1 236.1 040.8 1.000000 1.000000 1.000000 IRM_2G 2022-06-10 12:00:00
AF  40 280.1 051.1 280.1 051.1 3.66e-04 000.1 236.1 040.8 1.000000 1.000000 1.000000 IRM_2G 2022-06-10 12:00:00
AF  50 279.9 051.1 279.9 051.1 3.63e-04 000.1 235.9 040.7 1.000000 1.000000 1.000000 IRM_2G 2022-06-10 12:00:00
AF  60 279.8 051.2 279.8 051.2 3.59e-04 000.1 235.8 040.7 1.000000 1.000000 1.000000 IRM_2G 2022-06-10 12:00:00
AF  70 279.7 051.3 279.7 051.3 3.56e-04 000.1 235.7 040.8 1.000000 1.000000 1.000000 IRM_2G 2022-06-10 12:00:00
AF  80 279.8 051.5 279.8 051.5 3.54e-04 000.1 235.4 040.9 1.000000 1.000000 1.000000 IRM_2G 2022-06-10 12:00:00
AF  90 279.6 051.6 279.6 051.6 3.50e-04 000.1 235.3 040.9 1.000000 1.000000 1.000000 IRM_2G 2022-06-10 12:00:00
AF 100 279.7 051.9 279.7 051.9 3.47e-04 000.1 235.1 041.2 1.000000 1.000000 1.000000 IRM_2G 2022-06-10 12:00:00
AF 110 279.7 052.0 279.7 052.0 3.45e-04 000.1 235.0 041.2 1.000000 1.000000 1.000000 IRM_2G 2022-06-10 12:00:00
AF 120 280.1 052.3 280.1 052.3 3.44e-04 000.1 234.9 041.6 1.000000 1.000000 1.000000 IRM_2G 2022-06-10 12:00:00
AF 130 279.7 052.0 279.7 052.0 3.41e-04 000.1 234.9 041.2 1.000000 1.000000 1.000000 IRM_2G 2022-06-10 12:00:00
AF 140 279.5 052.2 279.5 052.2 3.41e-04 000.1 234.7 041.3 1.000000 1.000000 1.000000 IRM_2G 2022-06-10 12:00:00
AF 150 279.9 052.4 279.9 052.4 3.39e-04 000.1 234.7 041.6 1.000000 1.000000 1.000000 IRM_2G 2022-06-10 12:00:00
AF 160 279.7 052.5 279.7 052.5 3.37e-04 000.1 234.5 041.6 1.000000 1.000000 1.000000 IRM_2G 2022-06-10 12:00:00
AF 170 279.5 052.4 279.5 052.4 3.37e-04 000.1 234.5 041.4 1.000000 1.000000 1.000000 IRM_2G 2022-06-10 12:00:00
AF 180 279.4 052.4 279.4 052.4 3.36e-04 000.1 234.4 041.4 1.000000 1.000000 1.000000 IRM_2G 2022-06-10 12:00:00
AF 190 279.5 052.6 279.5 052.6 3.34e-04 000.1 234.2 041.6 1.000000 1.000000 1.000000 IRM_2G 2022-06-10 12:00:00
AF 200 279.3 052.5 279.3 052.5 3.35e-04 000.1 234.2 041.4 1.000000 1.000000 1.000000 IRM_2G 2022-06-10 12:00:00
AF 210 279.3 052.6 279.3 052.6 3.34e-04 000.1 234.1 041.5 1.000000 1.000000 1.000000 IRM_2G 2022-06-10 12:00:00
AF 220 279.2 052.4 279.2 052.4 3.33e-04 000.1 234.2 041.3 1.000000 1.000000 1.000000 IRM_2G 2022-06-10 12:00:00
AF 230 279.0 052.7 279.0 052.7 3.32e-04 000.1 233.9 041.4 1.000000 1.000000 1.000000 IRM_2G 2022-06-10 12:00:00
AF 240 279.5 052.7 279.5 052.7 3.33e-04 000.1 234.2 041.6 1.000000 1.000000 1.000000 IRM_2G 2022-06-10 12:00:00
AF 250 279.3 052.8 279.3 052.8 3.31e-04 000.1 234.0 041.6 1.000000 1.000000 1.000000 IRM_2G 2022-06-10 12:00:00
AF 275 279.3 052.8 279.3 052.8 3.30e-04 000.1 234.0 041.6 1.000000 1.000000 1.000000 IRM_2G 2022-06-10 12:00:00
AF 300 279.5 052.9 279.5 052.9 3.29e-04 000.1 234.0 041.7 1.000000 1.000000 1.000000 IRM_2G 2022-06-10 12:00:00
AF 325 279.6 053.0 279.6 053.0 3.25e-04 000.1 233.9 041.8 1.000000 1.000000 1.000000 IRM_2G 2022-06-10 12:00:00
AF 350 279.3 053.0 279.3 053.0 3.24e-04 000.1 233.8 041.7 1.000000 1.000000 1.000000 IRM_2G 2022-06-10 12:00:00
AF 375 279.7 053.0 279.7 053.0 3.20e-04 000.1 233.9 041.9 1.000000 1.000000 1.000000 IRM_2G 2022-06-10 12:00:00
AF 400 280.0 053.2 280.0 053.2 3.20e-04 000.1 234.0 042.2 1.000000 1.000000 1.000000 IRM_2G 2022-06-10 12:00:00
AF 450 279.8 053.3 279.8 053.3 3.15e-04 000.1 233.8 042.1 1.000000 1.000000 1.000000 IRM_2G 2022-06-10 12:00:00
AF 500 279.6 053.4 279.6 053.4 3.10e-04 000.1 233.6 042.1 1.000000 1.000000 1.000000 IRM_2G 2022-06-10 12:00:00
AF 550 279.6 053.7 279.6 053.7 3.07e-04 000.1 233.2 042.3 1.000000 1.000000 1.000000 IRM_2G 2022-06-10 12:00:00
AF 600 279.8 053.8 279.8 053.8 3.01e-04 000.1 233.3 042.5 1.000000 1.000000 1.000000 IRM_2G 2022-06-10 12:00:00
AF 700 280.2 054.1 280.2 054.1 2.90e-04 000.1 233.2 042.8 1.000000 1.000000 1.000000 IRM_2G 2022-06-10 12:00:00
AF 800 280.7 054.6 280.7 054.6 2.78e-04 000.1 232.9 043.4 1.000000 1.000000 1.000000 IRM_2G 2022-06-10 12:00:00
AF 900 280.4 055.1 280.4 055.1 2.68e-04 000.1 232.3 043.6 1.000000 1.000000 1.000000 IRM_2G 2022-06-10 12:00:00
AF1000 278.9 054.7 278.9 054.7 2.48e-04 000.1 231.9 042.7 1.000000 1.000000 1.000000 IRM_2G 2022-06-10 12:00:00
AF1200 280.7 056.7 280.7 056.7 2.21e-04 000.1 230.7 044.8 1.000000 1.000000 1.000000 IRM_2G 2022-06-10 12:00:00
AF1300 280.4 057.2 280.4 057.2 2.06e-04 000.1 229.9 045.0 1.000000 1.000000 1.000000 IRM_2G 2022-06-10 12:00:00
AF1400 278.5 055.8 278.5 055.8 1.87e-04 000.1 230.5 043.3 1.000000 1.000000 1.000000 IRM_2G 2022-06-10 12:00:00
AF1500 281.8 058.4 281.8 058.4 1.79e-04 000.1 229.3 046.3 1.000000 1.000000 1.000000 IRM_2G 2022-06-10 12:00:00
AF1600 278.5 056.6 278.5 056.6 1.59e-04 000.1 229.7 043.8 1.000000 1.000000 1.000000 IRM_2G 2022-06-10 12:00:00
AF1700 281.4 060.3 281.4 060.3 1.58e-04 000.1 227.0 047.3 1.000000 1.000000 1.000000 IRM_2G 2022-06-10 12:00:00
