DX1-1b
      0 444.0  28.0   0.0   0.0   1.0
NRM    168.8 -56.6 168.8 -56.6 1.51e-02 000.1 151.3 -84.0 1.000000 1.000000 1.000000 IRM_2G 2022-06-10 12:00:00
NRM    168.8 -56.6 168.8 -56.6 1.51e-02 000.1 151.4 -84.0 1.000000 1.000000 1.000000 IRM_2G 2022-06-10 12:00:00
NRM    168.8 -56.6 168.8 -56.6 1.51e-02 000.1 151.5 -84.0 1.000000 1.000000 1.000000 IRM_2G 2022-06-10 12:00:00
NRM    168.8 -56.6 168.8 -56.6 1.51e-02 000.1 151.4 -84.0 1.000000 1.000000 1.000000 IRM_2G 2022-06-10 12:00:00
AF  25 168.8 -56.6 168.8 -56.6 1.50e-02 000.1 151.9 -84.0 1.000000 1.000000 1.000000 IRM_2G 2022-06-10 12:00:00
AF  30 168.9 -56.5 168.9 -56.5 1.48e-02 000.1 152.1 -84.0 1.000000 1.000000 1.000000 IRM_2G 2022-06-10 12:00:00
AF  40 169.0 -56.5 169.0 -56.5 1.44e-02 000.1 152.7 -84.0 1.000000 1.000000 1.000000 IRM_2G 2022-06-10 12:00:00
AF  50 169.2 -56.5 169.2 -56.5 1.36e-02 000.1 153.8 -84.0 1.000000 1.000000 1.000000 IRM_2G 2022-06-10 12:00:00
AF  60 169.4 -56.4 169.4 -56.4 1.26e-02 000.1 155.3 -83.9 1.000000 1.000000 1.000000 IRM_2G 2022-06-10 12:00:00
AF  70 169.8 -56.3 169.8 -56.3 1.14e-02 000.1 157.2 -83.9 1.000000 1.000000 1.000000 IRM_2G 2022-06-10 12:00:00
AF  80 170.3 -56.2 170.3 -56.2 9.98e-03 000.1 160.0 -83.9 1.000000 1.000000 1.000000 IRM_2G 2022-06-10 12:00:00
AF  90 170.9 -56.0 170.9 -56.0 8.55e-03 000.1 163.5 -83.8 1.000000 1.000000 1.000000 IRM_2G 2022-06-10 12:00:00
AF 100 172.1 -55.7 172.1 -55.7 6.45e-03 000.1 170.5 -83.7 1.000000 1.000000 1.000000 IRM_2G 2022-06-10 12:00:00
AF 110 173.6 -55.7 173.6 -55.7 5.12e-03 000.1 178.1 -83.7 1.000000 1.000000 1.000000 IRM_2G 2022-06-10 12:00:00
AF 120 175.4 -55.6 175.4 -55.6 4.04e-03 000.1 187.0 -83.6 1.000000 1.000000 1.000000 IRM_2G 2022-06-10 12:00:00
AF 130 177.6 -55.8 177.6 -55.8 3.23e-03 000.1 198.1 -83.5 1.000000 1.000000 1.000000 IRM_2G 2022-06-10 12:00:00
AF 140 180.0 -55.9 180.0 -55.9 2.60e-03 000.1 209.3 -83.1 1.000000 1.000000 1.000000 IRM_2G 2022-06-10 12:00:00
AF 150 183.1 -55.9 183.1 -55.9 2.06e-03 000.1 221.4 -82.3 1.000000 1.000000 1.000000 IRM_2G 2022-06-10 12:00:00
AF 160 185.6 -55.8 185.6 -55.8 1.73e-03 000.1 229.2 -81.4 1.000000 1.000000 1.000000 IRM_2G 2022-06-10 12:00:00
AF 170 188.9 -55.6 188.9 -55.6 1.43e-03 000.1 236.9 -80.0 1.000000 1.000000 1.000000 IRM_2G 2022-06-10 12:00:00
AF 180 192.1 -55.2 192.1 -55.2 1.19e-03 000.1 242.3 -78.4 1.000000 1.000000 1.000000 IRM_2G 2022-06-10 12:00:00
AF 190 196.1 -55.0 196.1 -55.0 9.90e-04 000.1 248.4 -76.6 1.000000 1.000000 1.000000 IRM_2G 2022-06-10 12:00:00
AF 200 199.1 -54.1 199.1 -54.1 8.47e-04 000.1 250.5 -74.7 1.000000 1.000000 1.000000 IRM_2G 2022-06-10 12:00:00
AF 210 203.5 -53.3 203.5 -53.3 7.10e-04 000.1 254.2 -72.2 1.000000 1.000000 1.000000 IRM_2G 2022-06-10 12:00:00
AF 220 206.0 -52.9 206.0 -52.9 6.29e-04 000.1 256.3 -70.8 1.000000 1.000000 1.000000 IRM_2G 2022-06-10 12:00:00
AF 230 210.4 -51.5 210.4 -51.5 5.32e-04 000.1 258.5 -67.8 1.000000 1.000000 1.000000 IRM_2G 2022-06-10 12:00:00
AF 240 214.1 -50.0 214.1 -50.0 4.65e-04 000.1 259.8 -65.2 1.000000 1.000000 1.000000 IRM_2G 2022-06-10 12:00:00
AF 250 217.0 -49.6 217.0 -49.6 4.12e-04 000.1 262.1 -63.5 1.000000 1.000000 1.000000 IRM_2G 2022-06-10 12:00:00
AF 275 224.3 -44.9 224.3 -44.9 3.05e-04 000.1 262.9 -56.7 1.000000 1.000000 1.000000 IRM_2G 2022-06-10 12:00:00
AF 300 225.8 -43.0 225.8 -43.0 2.40e-04 000.1 262.1 -54.5 1.000000 1.000000 1.000000 IRM_2G 2022-06-10 12:00:00
AF 325 226.7 -38.0 226.7 -38.0 1.81e-04 000.1 258.1 -50.2 1.000000 1.000000 1.000000 IRM_2G 2022-06-10 12:00:00
AF 350 231.0 -33.0 231.0 -33.0 1.43e-04 000.1 258.2 -44.0 1.000000 1.000000 1.000000 IRM_2G 2022-06-10 12:00:00
AF 375 228.3 -40.9 228.3 -40.9 1.34e-04 000.1 262.4 -51.8 1.000000 1.000000 1.000000 IRM_2G 2022-06-10 12:00:00
AF 400 231.9 -36.5 231.9 -36.5 1.20e-04 000.1 261.8 -46.5 1.000000 1.000000 1.000000 IRM_2G 2022-06-10 12:00:00
AF 450 225.8 -38.1 225.8 -38.1 1.06e-04 000.1 257.3 -50.7 1.000000 1.000000 1.000000 IRM_2G 2022-06-10 12:00:00
AF 500 224.7 -34.1 224.7 -34.1 8.44e-05 000.1 252.6 -47.8 1.000000 1.000000 1.000000 IRM_2G 2022-06-10 12:00:00
AF 550 215.5 -35.4 215.5 -35.4 8.23e-05 000.1 243.7 -53.0 1.000000 1.000000 1.000000 IRM_2G 2022-06-10 12:00:00
AF 600 260.2 -24.9 260.2 -24.9 4.40e-05 000.1 279.1 -23.6 1.000000 1.000000 1.000000 IRM_2G 2022-06-10 12:00:00
AF 700 209.4 -28.1 209.4 -28.1 8.62e-05 000.1 231.0 -48.9 1.000000 1.000000 1.000000 IRM_2G 2022-06-10 12:00:00
AF 800 200.3 -20.2 200.3 -20.2 6.67e-05 000.1 215.5 -44.4 1.000000 1.000000 1.000000 IRM_2G 2022-06-10 12:00:00
AF 900 208.0 -12.7 208.0 -12.7 7.78e-05 000.1 221.8 -35.0 1.000000 1.000000 1.000000 IRM_2G 2022-06-10 12:00:00
AF1000 332.5 -54.3 332.5 -54.3 2.59e-05 000.1 346.0 -27.5 1.000000 1.000000 1.000000 IRM_2G 2022-06-10 12:00:00
AF1200 200.2 -30.5 200.2 -30.5 7.17e-05 000.1 220.5 -54.2 1.000000 1.000000 1.000000 IRM_2G 2022-06-10 12:00:00
AF1300 184.6 -15.9 184.6 -15.9 7.07e-05 000.1 194.1 -43.3 1.000000 1.000000 1.000000 IRM_2G 2022-06-10 12:00:00
AF1400 000.6 -11.5 000.6 -11.5 2.46e-05 000.1 006.8 016.3 1.000000 1.000000 1.000000 IRM_2G 2022-06-10 12:00:00
AF1500 186.8 -33.4 186.8 -33.4 7.32e-05 000.1 201.8 -60.2 1.000000 1.000000 1.000000 IRM_2G 2022-06-10 12:00:00
AF1600 025.8 -20.4 025.8 -20.4 3.59e-05 000.1 029.7 003.8 1.000000 1.000000 1.000000 IRM_2G 2022-06-10 12:00:00
AF1700 177.7 -33.8 177.7 -33.8 7.44e-05 000.1 186.6 -61.7 1.000000 1.000000 1.000000 IRM_2G 2022-06-10 12:00:00
