DX1-4c
      0 443.0  38.0   0.0   0.0   1.0
NRM    293.6 039.0 293.6 039.0 3.54e-04 000.1 263.5 047.7 1.000000 1.000000 1.000000 IRM_2G 2022-06-10 12:00:00
NRM    293.6 039.0 293.6 039.0 3.54e-04 000.1 263.5 047.7 1.000000 1.000000 1.000000 IRM_2G 2022-06-10 12:00:00
NRM    293.6 039.0 293.6 039.0 3.54e-04 000.1 263.5 047.7 1.000000 1.000000 1.000000 IRM_2G 2022-06-10 12:00:00
NRM    293.6 039.0 293.6 039.0 3.54e-04 000.1 263.6 047.7 1.000000 1.000000 1.000000 IRM_2G 2022-06-10 12:00:00
AF  25 293.6 039.0 293.6 039.0 3.54e-04 000.1 263.5 047.7 1.000000 1.000000 1.000000 IRM_2G 2022-06-10 12:00:00
AF  30 293.5 039.1 293.5 039.1 3.54e-04 000.1 263.4 047.7 1.000000 1.000000 1.000000 IRM_2G 2022-06-10 12:00:00
AF  40 293.5 039.1 293.5 039.1 3.54e-04 000.1 263.4 047.7 1.000000 1.000000 1.000000 IRM_2G 2022-06-10 12:00:00
AF  50 293.5 039.1 293.5 039.1 3.53e-04 000.1 263.4 047.7 1.000000 1.000000 1.000000 IRM_2G 2022-06-10 12:00:00
AF  60 293.5 039.2 293.5 039.2 3.52e-04 000.1 263.3 047.7 1.000000 1.000000 1.000000 IRM_2G 2022-06-10 12:00:00
AF  70 293.4 039.2 293.4 039.2 3.51e-04 000.1 263.2 047.7 1.000000 1.000000 1.000000 IRM_2G 2022-06-10 12:00:00
AF  80 293.4 039.2 293.4 039.2 3.50e-04 000.1 263.2 047.7 1.000000 1.000000 1.000000 IRM_2G 2022-06-10 12:00:00
AF  90 293.5 039.2 293.5 039.2 3.49e-04 000.1 263.2 047.7 1.000000 1.000000 1.000000 IRM_2G 2022-06-10 12:00:00
AF 100 293.3 039.2 293.3 039.2 3.48e-04 000.1 263.1 047.7 1.000000 1.000000 1.000000 IRM_2G 2022-06-10 12:00:00
AF 110 293.4 039.2 293.4 039.2 3.47e-04 000.1 263.2 047.7 1.000000 1.000000 1.000000 IRM_2G 2022-06-10 12:00:00
AF 120 293.3 039.2 293.3 039.2 3.46e-04 000.1 263.1 047.7 1.000000 1.000000 1.000000 IRM_2G 2022-06-10 12:00:00
AF 130 293.3 039.4 293.3 039.4 3.46e-04 000.1 262.9 047.7 1.000000 1.000000 1.000000 IRM_2G 2022-06-10 12:00:00
AF 140 293.2 039.3 293.2 039.3 3.46e-04 000.1 262.8 047.7 1.000000 1.000000 1.000000 IRM_2G 2022-06-10 12:00:00
AF 150 293.3 039.4 293.3 039.4 3.45e-04 000.1 262.9 047.7 1.000000 1.000000 1.000000 IRM_2G 2022-06-10 12:00:00
AF 160 293.3 039.4 293.3 039.4 3.45e-04 000.1 262.9 047.8 1.000000 1.000000 1.000000 IRM_2G 2022-06-10 12:00:00
AF 170 293.3 039.4 293.3 039.4 3.45e-04 000.1 262.8 047.7 1.000000 1.000000 1.000000 IRM_2G 2022-06-10 12:00:00
AF 180 293.3 039.4 293.3 039.4 3.44e-04 000.1 262.9 047.8 1.000000 1.000000 1.000000 IRM_2G 2022-06-10 12:00:00
AF 190 293.4 039.3 293.4 039.3 3.44e-04 000.1 263.0 047.8 1.000000 1.000000 1.000000 IRM_2G 2022-06-10 12:00:00
AF 200 293.3 039.4 293.3 039.4 3.44e-04 000.1 262.9 047.8 1.000000 1.000000 1.000000 IRM_2G 2022-06-10 12:00:00
AF 210 293.5 039.5 293.5 039.5 3.43e-04 000.1 262.8 047.9 1.000000 1.000000 1.000000 IRM_2G 2022-06-10 12:00:00
AF 220 293.3 039.5 293.3 039.5 3.41e-04 000.1 262.7 047.8 1.000000 1.000000 1.000000 IRM_2G 2022-06-10 12:00:00
AF 230 293.3 039.5 293.3 039.5 3.42e-04 000.1 262.7 047.8 1.000000 1.000000 1.000000 IRM_2G 2022-06-10 12:00:00
AF 240 293.3 039.6 293.3 039.6 3.43e-04 000.1 262.6 047.9 1.000000 1.000000 1.000000 IRM_2G 2022-06-10 12:00:00
AF 250 293.4 039.6 293.4 039.6 3.40e-04 000.1 262.7 047.9 1.000000 1.000000 1.000000 IRM_2G 2022-06-10 12:00:00
AF 275 293.4 039.7 293.4 039.7 3.39e-04 000.1 262.6 048.0 1.000000 1.000000 1.000000 IRM_2G 2022-06-10 12:00:00
AF 300 293.2 039.7 293.2 039.7 3.37e-04 000.1 262.4 047.9 1.000000 1.000000 1.000000 IRM_2G 2022-06-10 12:00:00
AF 325 293.5 039.7 293.5 039.7 3.35e-04 000.1 262.6 048.1 1.000000 1.000000 1.000000 IRM_2G 2022-06-10 12:00:00
AF 350 293.5 039.9 293.5 039.9 3.33e-04 000.1 262.4 048.2 1.000000 1.000000 1.000000 IRM_2G 2022-06-10 12:00:00
AF 375 293.5 039.8 293.5 039.8 3.31e-04 000.1 262.5 048.1 1.000000 1.000000 1.000000 IRM_2G 2022-06-10 12:00:00
AF 400 293.7 040.1 293.7 040.1 3.29e-04 000.1 262.3 048.4 1.000000 1.000000 1.000000 IRM_2G 2022-06-10 12:00:00
AF 450 293.7 040.1 293.7 040.1 3.25e-04 000.1 262.4 048.4 1.000000 1.000000 1.000000 IRM_2G 2022-06-10 12:00:00
AF 500 293.9 040.5 293.9 040.5 3.19e-04 000.1 262.0 048.8 1.000000 1.000000 1.000000 IRM_2G 2022-06-10 12:00:00
AF 550 293.7 040.4 293.7 040.4 3.13e-04 000.1 262.0 048.6 1.000000 1.000000 1.000000 IRM_2G 2022-06-10 12:00:00
AF 600 293.6 040.6 293.6 040.6 3.08e-04 000.1 261.6 048.7 1.000000 1.000000 1.000000 IRM_2G 2022-06-10 12:00:00
AF 700 294.0 040.9 294.0 040.9 2.96e-04 000.1 261.6 049.1 1.000000 1.000000 1.000000 IRM_2G 2022-06-10 12:00:00
AF 800 294.5 041.1 294.5 041.1 2.84e-04 000.1 261.6 049.5 1.000000 1.000000 1.000000 IRM_2G 2022-06-10 12:00:00
AF 900 294.7 041.3 294.7 041.3 2.72e-04 000.1 261.6 049.8 1.000000 1.000000 1.000000 IRM_2G 2022-06-10 12:00:00
AF1000 294.2 041.8 294.2 041.8 2.56e-04 000.1 260.6 049.7 1.000000 1.000000 1.000000 IRM_2G 2022-06-10 12:00:00
AF1200 295.3 042.5 295.3 042.5 2.25e-04 000.1 260.4 050.8 1.000000 1.000000 1.000000 IRM_2G 2022-06-10 12:00:00
AF1300 295.8 042.9 295.8 042.9 2.07e-04 000.1 260.2 051.3 1.000000 1.000000 1.000000 IRM_2G 2022-06-10 12:00:00
AF1400 294.1 042.6 294.1 042.6 1.97e-04 000.1 259.5 050.1 1.000000 1.000000 1.000000 IRM_2G 2022-06-10 12:00:00
AF1500 296.7 043.3 296.7 043.3 1.78e-04 000.1 260.3 052.1 1.000000 1.000000 1.000000 IRM_2G 2022-06-10 12:00:00
AF1600 294.6 043.2 294.6 043.2 1.71e-04 000.1 259.1 050.7 1.000000 1.000000 1.000000 IRM_2G 2022-06-10 12:00:00
AF1700 297.9 043.6 297.9 043.6 1.53e-04 000.1 260.7 053.0 1.000000 1.000000 1.000000 IRM_2G 2022-06-10 12:00:00
